/*--------------------------------*- C++ -*----------------------------------*\
  =========                 |
  \\      /  F ield         | OpenFOAM: The Open Source CFD Toolbox
   \\    /   O peration     | Website:  https://openfoam.org
    \\  /    A nd           | Version:  11
     \\/     M anipulation  |
\*---------------------------------------------------------------------------*/
FoamFile
{
    format      ascii;
    class       regIOobject;
    location    "constant/polyMesh";
    object      faceZones;
}
// * * * * * * * * * * * * * * * * * * * * * * * * * * * * * * * * * * * * * //

3
(
interface1interface20MasterZone
{
    type faceZone;
faceLabels      List<label> 
251
(
88864
88867
88870
88873
88876
88879
88882
88885
88888
88891
88894
88897
88900
88903
88906
88909
88912
88915
88918
88921
88924
88927
88930
88933
88936
88939
88942
88945
88948
88951
88954
88957
88960
88963
88966
88969
88972
88975
88978
88981
88984
88987
88990
88993
88996
88999
89002
89005
89008
89011
89014
89017
89020
89023
89026
89029
89032
89035
89038
89041
89044
89047
89050
89053
89056
89059
89062
89065
89068
89071
89074
89077
89080
89083
89086
89089
89092
89095
89098
89101
89104
89107
89110
89113
89116
89119
89122
89125
89128
89131
89134
89137
89140
89143
89146
89149
89152
89155
89158
89161
89164
89167
89170
89173
89176
89179
89182
89185
89188
89191
89194
89197
89200
89203
89206
89209
89212
89215
89218
89221
89224
89227
89230
89233
89236
89239
89242
89245
89248
89251
89254
89257
89260
89263
89266
89269
89272
89275
89278
89281
89284
89287
89290
89293
89296
89299
89302
89305
89308
89311
89314
89317
89320
89323
89326
89329
89332
89335
89338
89341
89344
89347
89350
89353
89356
89359
89362
89365
89368
89371
89374
89377
89380
89383
89386
89389
89392
89395
89398
89401
89404
89407
89410
89413
89416
89419
89422
89425
89428
89431
89434
89437
89440
89443
89446
89449
89452
89455
89458
89461
89464
89467
89470
89473
89476
89479
89482
89485
89488
89491
89494
89497
89500
89503
89506
89509
89512
89515
89518
89521
89524
89527
89530
89533
89536
89539
89542
89545
89548
89551
89554
89557
89560
89563
89566
89569
89572
89575
89578
89581
89584
89587
89590
89593
89596
89599
89602
89605
89608
89611
89613
)
;
flipMap         List<bool> 251{false};
}

interface1interface20SlaveZone
{
    type faceZone;
faceLabels      List<label> 0();
flipMap         List<bool> 0();
}

interface1interface20CutFaceZone
{
    type faceZone;
faceLabels      List<label> 0();
flipMap         List<bool> 0();
}
)

// ************************************************************************* //
